              precision    recall  f1-score   support

           0       0.77      0.75      0.76      1000
           1       0.78      0.85      0.81      1000
           2       0.65      0.59      0.62      1000
           3       0.47      0.62      0.54      1000
           4       0.73      0.64      0.68      1000
           5       0.64      0.60      0.62      1000
           6       0.79      0.81      0.80      1000
           7       0.84      0.70      0.77      1000
           8       0.79      0.86      0.82      1000
           9       0.82      0.78      0.80      1000

    accuracy                           0.72     10000
   macro avg       0.73      0.72      0.72     10000
weighted avg       0.73      0.72      0.72     10000
