              precision    recall  f1-score   support

           0       0.75      0.78      0.76      1000
           1       0.90      0.83      0.86      1000
           2       0.67      0.64      0.65      1000
           3       0.56      0.61      0.58      1000
           4       0.80      0.61      0.69      1000
           5       0.71      0.58      0.64      1000
           6       0.81      0.83      0.82      1000
           7       0.67      0.86      0.76      1000
           8       0.91      0.79      0.84      1000
           9       0.75      0.91      0.82      1000

    accuracy                           0.74     10000
   macro avg       0.75      0.74      0.74     10000
weighted avg       0.75      0.74      0.74     10000
